Date       Time        Year        Longitude Latitude  swh_20hz_ku  swh_20hz_c swh_2
2011-09-03 20:56:23.16 2011.6736 27.240444 58.823391    0.000        0.144   9999.000
2011-09-03 20:56:23.21 2011.6736 27.244322 58.821697    0.040       -0.015   9999.000
2011-09-03 20:56:23.26 2011.6736 27.248199 58.820004    0.000        0.094   9999.000
2011-09-03 20:56:23.31 2011.6736 27.252075 58.818310    0.000       -0.015   9999.000
2011-09-03 20:56:23.36 2011.6736 27.255951 58.816616    0.095        0.059   9999.000
2011-09-03 20:56:23.41 2011.6736 27.259827 58.814922    0.237        0.016   9999.000
2011-09-03 20:56:23.46 2011.6736 27.263702 58.813229    0.000       -0.015   9999.000
2011-09-03 20:56:23.52 2011.6736 27.267576 58.811535    0.101        0.219   9999.000
2011-09-03 20:56:23.57 2011.6736 27.271452 58.809841    0.000       -0.015   9999.000
2011-09-03 20:56:23.62 2011.6736 27.275326 58.808147    0.110        0.044   9999.000
2011-09-03 20:56:23.67 2011.6736 27.279200 58.806454    0.000        0.061   9999.000
2011-09-03 20:56:23.72 2011.6736 27.283073 58.804760    0.000       -0.015   9999.000
2011-09-03 20:56:23.77 2011.6736 27.286945 58.803066    0.000       -0.015   9999.000
2011-09-03 20:56:23.82 2011.6736 27.290817 58.801369    0.093       -0.015   9999.000
2011-09-03 20:56:23.87 2011.6736 27.294689 58.799675    0.056       -0.017   9999.000
2011-09-03 20:56:23.92 2011.6736 27.298561 58.797981    0.038       -0.017   9999.000
2011-09-03 20:56:23.97 2011.6736 27.302433 58.796288    0.061       -0.017   9999.000
2011-09-03 20:56:24.03 2011.6736 27.306303 58.794590    0.062       -0.017   9999.000
2011-09-03 20:56:24.08 2011.6736 27.310173 58.792896    0.033        0.181   9999.000
2011-09-03 20:56:24.13 2011.6736 27.314043 58.791199    0.000       -0.017   9999.000
2011-09-03 20:56:24.18 2011.6736 27.317913 58.789505    0.034        0.100   9999.000
2011-09-03 20:56:24.23 2011.6736 27.321783 58.787807    0.109        0.101   9999.000
2011-09-03 20:56:24.28 2011.6736 27.325651 58.786114    0.026        0.105   9999.000
2011-09-03 20:56:24.33 2011.6736 27.329519 58.784416    0.000       -0.017   9999.000
2011-09-03 20:56:24.38 2011.6736 27.333387 58.782719    0.081        0.117   9999.000
2011-09-03 20:56:24.43 2011.6736 27.337255 58.781025    0.000        0.023   9999.000
2011-09-03 20:56:24.48 2011.6736 27.341124 58.779327    0.051        0.015   9999.000
2011-09-03 20:56:24.54 2011.6736 27.344990 58.777630    0.000        0.096   9999.000
2011-09-03 20:56:24.59 2011.6736 27.348858 58.775936    0.000        0.009   9999.000
2011-09-03 20:56:24.64 2011.6736 27.352722 58.774239    0.000       -0.017   9999.000
2011-09-03 20:56:24.69 2011.6736 27.356588 58.772541    0.050        0.364   9999.000
2011-09-03 20:56:24.74 2011.6736 27.360455 58.770844    0.049       -0.017   9999.000
2011-09-03 20:56:24.79 2011.6736 27.364319 58.769146    0.036       -0.017   9999.000
2011-09-03 20:56:24.84 2011.6736 27.368183 58.767448    0.000        0.100   9999.000
2011-09-03 20:56:24.89 2011.6736 27.372047 58.765751    0.000        0.048   9999.000
2011-09-03 20:56:24.94 2011.6736 27.375912 58.764053    0.000        0.023   9999.000
2011-09-03 20:56:24.99 2011.6736 27.379774 58.762356    0.059        0.019   9999.000
2011-09-03 20:56:25.05 2011.6736 27.383636 58.760658    0.000        0.177   9999.000
2011-09-03 20:56:25.10 2011.6736 27.387501 58.758961    0.000       -0.016   9999.000
2011-09-03 20:56:25.15 2011.6736 27.391361 58.757263    0.000        0.097   9999.000
2011-09-03 20:56:25.20 2011.6736 27.395224 58.755566    0.000        0.048   9999.000
2011-09-03 20:56:25.25 2011.6736 27.399084 58.753864    0.247        0.049   9999.000
2011-09-03 20:56:25.30 2011.6736 27.402946 58.752167    0.000       -0.016   9999.000
2011-09-03 20:56:25.35 2011.6736 27.406805 58.750469    0.051       -0.016   9999.000
2011-09-03 20:56:25.40 2011.6736 27.410667 58.748772    0.068        0.068   9999.000
2011-09-03 20:56:25.45 2011.6736 27.414526 58.747070    0.037        0.095   9999.000
2011-09-03 20:56:25.50 2011.6736 27.418386 58.745373    0.000        0.131   9999.000
2011-09-03 20:56:25.55 2011.6736 27.422245 58.743671    0.000       -0.016   9999.000
2011-09-03 20:56:25.61 2011.6736 27.426104 58.741974    0.000       -0.016   9999.000
2011-09-03 20:56:25.66 2011.6736 27.429960 58.740276    0.056        0.048   9999.000
2011-09-03 20:56:25.71 2011.6736 27.433819 58.738575    0.046        0.123   9999.000
2011-09-03 20:56:25.76 2011.6736 27.437675 58.736877    0.012       -0.016   9999.000
2011-09-03 20:56:25.81 2011.6736 27.441532 58.735176    0.000        0.067   9999.000
2011-09-03 20:56:25.86 2011.6736 27.445391 58.733475    0.000        0.036   9999.000
2011-09-03 20:56:25.91 2011.6736 27.449245 58.731777    0.000        0.000   9999.000
2011-09-03 20:56:25.96 2011.6736 27.453102 58.730076    0.000        0.109   9999.000
2011-09-03 20:56:26.01 2011.6736 27.456957 58.728374    0.000        0.000   9999.000
2011-09-03 20:56:26.06 2011.6736 27.460812 58.726677    0.133        0.000   9999.000
2011-09-03 20:56:26.12 2011.6736 27.464666 58.724976    0.112        0.000   9999.000
2011-09-03 20:56:26.17 2011.6736 27.468521 58.723274    0.000        0.000   9999.000
2011-09-03 20:56:26.22 2011.6736 27.472374 58.721573    0.097        0.000   9999.000
2011-09-03 20:56:26.27 2011.6736 27.476229 58.719872    0.000        0.043   9999.000
2011-09-03 20:56:26.32 2011.6736 27.480082 58.718170    0.000        0.168   9999.000
2011-09-03 20:56:26.37 2011.6736 27.483932 58.716473    0.103        0.186   9999.000
2011-09-03 20:56:26.42 2011.6736 27.487785 58.714771    0.000        0.043   9999.000
2011-09-03 20:56:26.47 2011.6736 27.491636 58.713066    0.043        0.154   9999.000
2011-09-03 20:56:26.52 2011.6736 27.495489 58.711369    0.000        0.000   9999.000
2011-09-03 20:56:26.57 2011.6736 27.499340 58.709663    0.135        0.000   9999.000
2011-09-03 20:56:26.63 2011.6736 27.503189 58.707962    0.000        0.042   9999.000
2011-09-03 20:56:26.68 2011.6736 27.507040 58.706261    0.073        0.000   9999.000
2011-09-03 20:56:26.73 2011.6736 27.510889 58.704559    0.000        0.476   9999.000
2011-09-03 20:56:26.78 2011.6736 27.514740 58.702858    0.000        0.000   9999.000
2011-09-03 20:56:26.83 2011.6736 27.518589 58.701157    0.090        0.072   9999.000
2011-09-03 20:56:26.88 2011.6736 27.522436 58.699451    0.000        0.320   9999.000
2011-09-03 20:56:26.93 2011.6736 27.526285 58.697750    0.147       -0.015   9999.000
2011-09-03 20:56:26.98 2011.6736 27.530132 58.696049    0.000        0.073   9999.000
2011-09-03 20:56:27.03 2011.6736 27.533979 58.694344    0.000        0.016   9999.000
2011-09-03 20:56:27.08 2011.6736 27.537827 58.692642    0.071        0.645   9999.000
2011-09-03 20:56:27.14 2011.6736 27.541674 58.690937    0.075       -0.015   9999.000
2011-09-03 20:56:27.19 2011.6736 27.545521 58.689236    0.000       -0.015   9999.000
2011-09-03 20:56:27.24 2011.6736 27.549366 58.687531    0.136       -0.015   9999.000
2011-09-03 20:56:27.29 2011.6736 27.553211 58.685829    0.083        0.204   9999.000
2011-09-03 20:56:27.34 2011.6736 27.557056 58.684124    0.104       -0.015   9999.000
2011-09-03 20:56:27.39 2011.6736 27.560902 58.682419    0.000       -0.015   9999.000
2011-09-03 20:56:27.44 2011.6736 27.564747 58.680717    0.159       -0.015   9999.000
2011-09-03 20:56:27.49 2011.6736 27.568588 58.679012    0.000        0.211   9999.000
2011-09-03 20:56:27.54 2011.6736 27.572433 58.677307    0.000        0.028   9999.000
2011-09-03 20:56:27.59 2011.6736 27.576277 58.675602    0.000        0.203   9999.000
2011-09-03 20:56:27.65 2011.6736 27.580118 58.673901    0.000       -0.015   9999.000
2011-09-03 20:56:27.70 2011.6736 27.583961 58.672195    0.000        0.058   9999.000
2011-09-03 20:56:27.75 2011.6736 27.587803 58.670490    0.000        0.064   9999.000
2011-09-03 20:56:27.80 2011.6736 27.591644 58.668785    0.137       -0.015   9999.000
2011-09-03 20:56:27.85 2011.6736 27.595486 58.667080    0.000       -0.015   9999.000
2011-09-03 20:56:27.90 2011.6736 27.599325 58.665375    0.113        0.164   9999.000
2011-09-03 20:56:27.95 2011.6736 27.603167 58.663670    0.000        0.012   9999.000
2011-09-03 20:56:28.00 2011.6736 27.607006 58.661964    0.000        0.223   9999.000
2011-09-03 20:56:28.05 2011.6736 27.610846 58.660259    0.000        0.459   9999.000
2011-09-03 20:56:28.10 2011.6736 27.614685 58.658554    0.024        0.098   9999.000
2011-09-03 20:56:28.15 2011.6736 27.618525 58.656849    0.143       -0.019   9999.000
2011-09-03 20:56:28.21 2011.6736 27.622362 58.655144    0.000       -0.019   9999.000
2011-09-03 20:56:28.26 2011.6736 27.626202 58.653439    0.000       -0.019   9999.000
2011-09-03 20:56:28.31 2011.6736 27.630037 58.651733    0.000       -0.019   9999.000
2011-09-03 20:56:28.36 2011.6736 27.633875 58.650024    0.000        0.073   9999.000
2011-09-03 20:56:28.41 2011.6736 27.637712 58.648319    0.020       -0.019   9999.000
2011-09-03 20:56:28.46 2011.6736 27.641548 58.646614    0.000        0.056   9999.000
2011-09-03 20:56:28.51 2011.6736 27.645386 58.644905    0.000        0.335   9999.000
2011-09-03 20:56:28.56 2011.6736 27.649220 58.643200    0.000       -0.019   9999.000
2011-09-03 20:56:28.61 2011.6736 27.653055 58.641495    0.076       -0.019   9999.000
2011-09-03 20:56:28.66 2011.6736 27.656891 58.639786    0.060        0.548   9999.000
2011-09-03 20:56:28.72 2011.6736 27.660725 58.638081    0.000       -0.019   9999.000
2011-09-03 20:56:28.77 2011.6736 27.664558 58.636372    0.135        0.010   9999.000
2011-09-03 20:56:28.82 2011.6736 27.668392 58.634666    0.167        0.018   9999.000
2011-09-03 20:56:28.87 2011.6736 27.672226 58.632957    0.160       -0.019   9999.000
2011-09-03 20:56:28.92 2011.6736 27.676058 58.631248    0.247        0.159   9999.000
2011-09-03 20:56:28.97 2011.6736 27.679892 58.629543 9999.000     9999.000   9999.000
2011-09-03 20:56:29.02 2011.6736 27.683723 58.627834 9999.000     9999.000   9999.000
2011-09-03 20:56:29.07 2011.6736 27.687555 58.626125 9999.000     9999.000   9999.000
2011-09-03 20:56:29.12 2011.6736 27.691385 58.624416 9999.000     9999.000   9999.000
2011-09-03 20:56:29.17 2011.6736 27.695217 58.622711 9999.000     9999.000   9999.000
2011-09-03 20:56:29.23 2011.6736 27.699047 58.621002 9999.000     9999.000   9999.000
2011-09-03 20:56:29.28 2011.6736 27.702877 58.619293 9999.000     9999.000   9999.000
2011-09-03 20:56:29.33 2011.6736 27.706707 58.617584 9999.000     9999.000   9999.000
2011-09-03 20:56:29.38 2011.6736 27.710535 58.615875 9999.000     9999.000   9999.000
2011-09-03 20:56:29.43 2011.6736 27.714365 58.614166 9999.000     9999.000   9999.000
2011-09-03 20:56:29.48 2011.6736 27.718193 58.612457 9999.000     9999.000   9999.000
2011-09-03 20:56:29.53 2011.6736 27.722021 58.610748 9999.000     9999.000   9999.000
2011-09-03 20:56:29.58 2011.6736 27.725849 58.609039 9999.000     9999.000   9999.000
2011-09-03 20:56:29.63 2011.6736 27.729677 58.607330 9999.000     9999.000   9999.000
2011-09-03 20:56:29.68 2011.6736 27.733503 58.605621 9999.000     9999.000   9999.000
2011-09-03 20:56:29.74 2011.6736 27.737329 58.603912 9999.000     9999.000   9999.000
2011-09-03 20:56:29.79 2011.6736 27.741156 58.602200 9999.000     9999.000   9999.000
2011-09-03 20:56:29.84 2011.6736 27.744982 58.600491 9999.000     9999.000   9999.000
2011-09-03 20:56:29.89 2011.6736 27.748806 58.598782 9999.000     9999.000   9999.000
2011-09-03 20:56:29.94 2011.6736 27.752632 58.597073 9999.000     9999.000   9999.000
2011-09-03 20:56:29.99 2011.6736 27.756456 58.595360 9999.000     9999.000   9999.000
2011-09-03 20:56:30.04 2011.6736 27.760281 58.593651 9999.000     9999.000   9999.000
2011-09-03 20:56:30.09 2011.6736 27.764105 58.591938 9999.000     9999.000   9999.000
2011-09-03 20:56:30.14 2011.6736 27.767927 58.590229 9999.000     9999.000   9999.000
2011-09-03 20:56:30.19 2011.6736 27.771751 58.588520 9999.000     9999.000   9999.000
2011-09-03 20:56:30.24 2011.6736 27.775574 58.586807 9999.000     9999.000   9999.000
